count	mean	std	min	25%	50%	75%	max	tot_len	total	removed	removed_pct	chrom_rm	small_rm	big_rm	coord_rm	span_total	span_rm	span_kept	source
965511.0	330.0	6599.0	25.0	35.0	47.0	87.0	500000.0	319296434.0	652237.0	100.0	0.015331850232354189	0.0	0.0	100.0	0.0	138453831.0	64064615.0	74389216.0	baylor
1852129.0	159.0	4818.0	1.0	22.0	43.0	77.0	2282171.0	294579269.0	1400092.0	130507.0	9.321316027803887	0.0	130321.0	186.0	0.0	165371166.0	36031954.0	129339212.0	giab
171146.0	26.0	12.0	4.0	18.0	24.0	34.0	532.0	4538741.0	171145.0	7790.0	4.551695930351456	0.0	7790.0	0.0	0.0	4538738.0	56923.0	4481815.0	pacbio
1776010.0	20.0	11.0	2.0	12.0	16.0	24.0	399.0	35852305.0	1739897.0	1646.0	0.09460330122990039	0.0	1646.0	0.0	0.0	35311586.0	10765.0	35300821.0	ucsd1
10264.0	59.0	27.0	20.0	38.0	52.0	73.0	284.0	613138.0	10259.0	0.0	0.0	0.0	0.0	0.0	0.0	612921.0	0.0	612921.0	ucsd2
3833587.0	63.0	397.0	10.0	16.0	27.0	47.0	49946.0	244123985.0	2396915.0	5.0	0.00020860147314360333	0.0	0.0	5.0	0.0	154725204.0	314452.0	154410752.0	grand
2396910.0	114.0	465.0	60.0	65.0	74.0	96.0	50001.0	274256252.0	2234435.0	101.0	0.004520158339804022	0.0	0.0	101.0	0.0	269161629.0	26312088.0	242849541.0	grand slop
2234334.0	108.0	398.0	60.0	65.0	76.0	100.0	49925.0	242849541.0											pre-gap
2232565.0	106.0	323.0	60.0	65.0	76.0	100.0	49925.0	238052458.0											final
